[gd_scene load_steps=6 format=3 uid="uid://cf5wrts1nc31k"]

[ext_resource type="Script" path="res://scripts/main.gd" id="1_4ek6n"]
[ext_resource type="Script" path="res://scripts/kosro/sun.gd" id="2_0a0sg"]
[ext_resource type="Script" path="res://scripts/HexTilemap.gd" id="4_2t1sp"]
[ext_resource type="PackedScene" uid="uid://b5ow87oj5306e" path="res://scenes/unit.tscn" id="4_vc0mo"]
[ext_resource type="Script" path="res://scripts/MapGeneratorNode.gd" id="5_rnf1o"]

[node name="Test" type="Node3D"]
script = ExtResource("1_4ek6n")

[node name="Camera3D" type="Camera3D" parent="."]
transform = Transform3D(0.432839, 0.674097, -0.598534, 0, 0.663953, 0.747774, 0.901471, -0.323666, 0.287385, -1.577, 2.696, 0.733)
projection = 1
current = true
fov = 64.6
size = 2.343

[node name="Sun" type="DirectionalLight3D" parent="."]
transform = Transform3D(0.211452, 0.849006, -0.484227, -0.0717784, 0.507581, 0.858609, 0.974749, -0.146798, 0.168269, 5.02816, 16.438, 0.184047)
shadow_enabled = true
script = ExtResource("2_0a0sg")
rotation_speed = 50.0

[node name="Unit" parent="." instance=ExtResource("4_vc0mo")]
transform = Transform3D(0.985698, 0, 0.168524, 0, 1, 0, -0.168524, 0, 0.985698, 0.322753, 1, -0.154307)

[node name="Unit2" parent="." instance=ExtResource("4_vc0mo")]
transform = Transform3D(0.979796, 0, -0.200001, 0, 1, 0, 0.200001, 0, 0.979796, -0.123324, 1, -0.172401)

[node name="Unit3" parent="." instance=ExtResource("4_vc0mo")]
transform = Transform3D(0.979796, 0, -0.200001, 0, 1, 0, 0.200001, 0, 0.979796, 0.0261194, 1, 0.264706)

[node name="HexTilemap" type="Node3D" parent="."]
script = ExtResource("4_2t1sp")

[node name="MapGenerator" type="Node" parent="HexTilemap"]
script = ExtResource("5_rnf1o")
